last_answer_survey_time: 1612141687.257784
last_prompt_time: 1612141642.9408176
